Unnamed: 0,object_id,water,trees,flooded_vegetation,crops,built_area,bare_ground,clouds,rangeland,timeperiod
1,101,1.55616045560989,38.8933578371476,0.0001830176391437,41.0713640680312,11.8218317503432,2.09428047722909,,4.56282239399979,2021
2,102,4.26440283186851,31.9819837345234,,42.0202935878332,17.477411581922,0.663873185826132,,3.59203507802683,2021
3,103,2.0010739022126,4.22146490824773,,66.3153914021466,23.685671666248,1.73479896834968,,2.04159915279543,2021
4,104,1.02071490539696,42.6008604948547,0.0173822660390084,36.5662548329501,13.4588373091547,2.05454438785921,,4.2814058037455,2021
5,105,0.792446560673861,64.8972528470222,,15.4537555108099,5.14349608647037,0.224255135519793,,13.488793859504,2021
6,106,1.86636767342879,55.552268323699,0.0112323041066106,25.8443282881568,8.16287643262022,0.0615770957273118,,8.5013498822614,2021
7,107,4.70628543990076,52.6070262078118,1.05429797109954,28.6992962454754,7.703369385261,,,5.22972475045141,2021
8,108,5.02942303996386,61.160367007554,3.160218545006,18.8848428889997,8.9025668767852,0.115312691615831,,2.74726895007488,2021
9,109,17.6620069438498,0.239424641325247,,45.115270241867,11.9365420095128,15.2889735246265,,9.75778263881861,2021
10,110,7.32974281120209,5.51735359286771,0.0044885422944586,54.2984104482043,21.0671135259884,8.73760215524838,,3.04528892419459,2021
11,111,4.36128568937892,4.03837931406655,0.0006745593570722,64.3026820480037,21.9047065563019,3.37316000963064,,2.0191118232613,2021
12,112,14.0240877253743,0.482573166168262,,41.1019494237309,16.3603421993294,13.8950764066922,,14.1359710787047,2021
13,113,4.39490097729867,4.8541900095088,,63.3086608688827,23.0963977921613,3.20048321873005,,1.1453671334184,2021
14,114,11.7964731795404,14.2153223941829,0.0121162033850238,46.5390779304677,20.1141674395816,2.72408230341195,,4.59876054943013,2021
15,115,17.702803498847,9.73197576396319,,34.5780916817647,12.5257112988594,18.7364355511613,,6.72498220540431,2021
16,116,7.2527178197743,31.104851717577,0.964339146816391,36.6435656216753,15.3958984453207,4.49775870753188,,4.14086854130436,2021
17,117,6.02912409401303,21.1023362054828,0.0010209833807801,44.8433279279143,18.9374821463677,4.2592819880067,8.68922026195827e-05,4.82733976263222,2021
18,118,1.00629529200957,27.4851074851074,,47.9380407951836,22.2411979554836,0.0001057143914286,,1.32925275782419,2021
19,119,1.22591569979808,31.4880472938294,0.0014610736268717,46.1103972247094,20.3255946382344,0.0690076312999436,,0.779576438501915,2021
20,120,20.2143582913003,0.618754751065284,0.0054646969470115,29.3367146330811,28.8668395524991,14.2655247375279,,6.69234333757922,2021
21,121,24.9719137623371,0.193335006670482,,27.6097401135233,15.4419224222604,20.6318233214235,,11.1512653737851,2021
22,122,21.3900594649365,1.08830080716651,0.0005554722347203,39.6399363624868,32.7452516109511,3.85304949355637,,1.28284678866798,2021
23,123,22.9553792042762,2.15768556805003,0.4462315944733,56.3339121829461,18.0574684206546,7.87907821088196e-05,,0.0492442388180124,2021
24,124,0.944727128710923,11.2537036968706,,65.3186378513205,22.4668804325499,0.0086096730907127,,0.0074412174569731,2021
25,125,2.34889184045674,18.001149789866,,63.6329394972644,15.9310324320038,0.0463385139957179,,0.0396479264134485,2021
26,126,21.3243074604726,1.45051270882142,0.280712494555044,32.4732225897976,13.7599981163396,24.3029396875478,,6.40830694246595,2021
27,127,16.589340820425,1.30939910062729,0.0044755933927833,45.7430903041808,20.7980381834585,11.319174505602,,4.23648149231349,2021
28,128,3.98998653667608,16.5078511276563,0.479645849003153,64.1798324133439,14.6142774952748,,,0.228406578045729,2021
29,129,8.63873522402878,6.34336403635852,1.19611529244239,67.1415865400811,16.5197772851519,,,0.160421621937278,2021
30,130,4.36837589703675,37.4611960112552,5.35583069685903,25.1830787449598,13.6335962169948,2.90908936493363,,11.0888330679608,2021
31,131,1.02355839081698,24.3074056946793,0.0160363498620062,51.151322667907,18.6356526267872,,,4.86602426994743,2021
32,132,10.8643688926248,8.68401592191994,1.09991291120818,47.618567936838,23.8978719676845,3.78952475124104,,4.04573761848373,2021
33,133,17.012737386695,1.41274337254341,0.104461369246207,55.9089884996888,23.8512782696243,1.38381177166981,,0.325979330532733,2021
34,134,2.00723655610108,7.22811696859699,0.409075842816716,65.5036857355897,23.4245055751019,,,1.42737932179356,2021
35,135,2.81820490700707,11.8789357723225,1.86459228789652,69.0493580327307,13.0462593303198,0.0108023703313506,,1.33184729939225,2021
36,136,2.8035442031067,10.6917990587091,1.53426541750448,67.0127549329385,15.1066409616192,0.0506551472700356,,2.80034027885189,2021
37,137,5.46773576428279,18.215924597442,0.0047597572940571,51.2846093122857,13.8198844487642,7.83926191252213,,3.3678242074087,2021
38,138,3.32521198441503,37.7961282614541,0.0023046794416243,41.5407509321658,11.9351051435733,2.39517652103209,,3.00532247791757,2021
39,139,17.6732546172245,5.13866919433563,0.0412201774839203,28.1652579027926,14.9283484147736,21.7342890893391,,12.3189606040507,2021
40,140,8.40566155199088,8.38849714568819,0.295003637840853,51.219033637784,14.7652583204767,9.61550655187497,,7.3110391543444,2021
41,141,4.0914322657483,5.7361026054351,0.0254789929864306,64.8933842412027,21.6086023953475,2.88495227857103,,0.760047220709025,2021
42,142,8.66335815302986,10.9076003975426,0.25227124268133,53.5960925007914,20.4132820107962,3.43426520740744,,2.73313048775112,2021
43,143,6.26123837313989,22.0261013914001,0.238611165238926,51.4488714145118,17.1570338341321,1.55311541886296,,1.31502840271423,2021
44,144,5.89477524462296,25.6911445681654,0.10144120955606,44.6577236344449,12.5586659928473,4.53978974743989,,6.55645960292346,2021
45,145,6.9441513448146,8.61365051160311,0.413000348632362,62.8354924944812,15.1410637983992,3.21874663027306,,2.83389487179657,2021
46,146,5.6244106674601,7.45476683911636,0.0119322328284072,63.2916393723251,14.7018952473016,7.5282280810047,,1.38712755996386,2021
47,147,4.33488291042163,6.56863367961327,0.0675618030760406,75.3712722566404,13.0482135693579,0.0510071646006646,,0.558428616289983,2021
48,148,2.71455559553797,16.1726340410219,,65.8206639078805,14.655676502339,0.524019431450162,,0.112450521770421,2021
49,149,2.34333243602798,70.3181792764081,0.058324847945756,18.0980637711013,5.76700751265656,0.97975341008545,,2.43533874577519,2021
50,150,1.20602034236405,5.84022874684865,0.0224822671118156,67.7735351014613,18.2453305864091,1.84426124803152,,5.06814170777344,2021
51,151,4.34081472001362,5.80241596640079,0.291412001424458,63.9849632112175,16.0096984603572,5.28836123755412,,4.28233440303242,2021
52,152,7.4826794368743,9.84508040229747,1.04183358551374,39.1808462011516,9.21670923244984,21.5893250404505,,11.6435261012626,2021
53,153,2.24047105383092,4.3648615212719,0.142324620876926,70.7589217987202,18.6733030604173,0.676683191962756,,3.14343475291976,2021
54,154,7.98551290564679,19.5900591214999,0.0044765749925528,29.0354433710901,9.10927496729974,14.8237351549568,,19.451497904514,2021
55,155,2.95526676049116,40.2087160181787,1.6692624010374,32.2128874492021,15.022067874914,3.4885656517392,,4.44323384443749,2021
56,156,2.95406998367227,51.4127763080789,0.636950708987478,21.9118589031571,13.7461767219481,3.71676544853186,,5.62140192562424,2021
57,157,2.11807676768838,68.433529633148,0.0077228003197239,16.3656824975393,8.849251566359,0.222003569190948,,4.00373316575455,2021
58,158,14.9789618878278,14.8450122016701,1.58807616289079,26.9514990452911,6.95856483160602,24.7571065801468,,9.92077929056756,2021
59,159,11.4728793240472,16.9195373389257,0.0302022312542583,26.8620500202551,14.310626340675,23.850949411778,,6.55375533306464,2021
60,160,14.256700065565,15.7923254974242,0.311268783904638,18.0223965469392,8.54377291185981,30.7427186188249,,12.3308175754823,2021
61,161,2.40890661713098,31.2727387796365,0.0720114807852501,44.9590252963844,19.2655228073417,0.483155414231361,,1.53863960448991,2021
62,162,1.72686899012784,28.4586928510352,0.0068982097086638,54.2660536526277,14.143929601196,0.619886509006541,,0.777670186297993,2021
63,163,0.654209662505239,40.6163133077105,,47.3432410502793,10.8059171938926,0.0449217039901334,,0.53539708162214,2021
64,164,2.51777799462558,48.5858338777624,,35.8105544686424,11.371615332812,0.341010183046285,,1.37320814311138,2021
65,165,3.22735412559864,13.3365985546606,3.18708164351744,53.8818777449197,12.2747630532757,3.02484228917132,,11.0674825888565,2021
66,166,6.08337240820516,8.15964848657301,0.972878839319833,62.2200908921404,18.835911573587,1.43675432850085,,2.29134347167372,2021
67,167,0.874474064688014,32.1015319135111,0.0459736504378056,50.2357489806195,16.4567798950566,0.0010396867943532,,0.284451808892571,2021
68,168,1.26267696097257,36.6753982863423,5.2972414615089e-05,42.340612625975,17.7852233449431,0.0127398657149289,,1.92329594363735,2021
69,169,1.08286727472404,20.0331584820996,0.0592734064463133,60.9416043046798,16.6966033057795,0.24538552430426,,0.941107701966387,2021
70,170,0.0129537746514257,13.7358097286773,,65.1822900310891,20.4989803809195,,,0.569966084662731,2021
71,171,0.327801843808936,62.1425089000154,,26.153779940023,10.0995094261257,,,1.27639989002716,2021
72,172,11.4109724261588,22.6002196475879,2.25964992638955,24.4203328148954,7.44418578919726,9.85878728053964,,22.0058521152314,2021
73,173,16.2924840435339,7.6912127260874,0.0436353205170288,31.9287483314474,7.47804096910279,22.1623879569981,,14.4034906523134,2021
74,174,2.16828068421754,20.0248501155867,0.0108417213601305,47.0882347611022,26.2302571777124,1.58610250291153,,2.89143303710953,2021
75,175,1.31641724438947,19.2495175313262,0.0084710929823806,50.8357962396804,26.5914028584067,0.0067173731782648,,1.99167766003672,2021
76,176,1.97223862049544,39.165072410038,0.0018730631558143,36.1176309497205,18.2130848316762,0.0330369587654835,,4.49706316614845,2021
77,177,1.71919704798951,20.4984418870137,0.0064700716589217,56.3362148561135,19.9503508344551,0.0235892826141116,,1.46573602015531,2021
78,178,0.323693288240185,85.7197671245552,0.002807345671132,5.37333982442309,5.3684554651126,0.0066785275965878,,3.20525842440109,2021
79,179,0.377695048280995,90.1909511404621,8.57004455632091e-05,3.71197636038911,3.45585728265247,0.0048058172935061,,2.25862865047641,2021
80,180,1.94444918715314,88.8168794261727,0.0109688091259344,2.36995863417451,1.40780970601153,0.0363355253256101,2.15215352372814e-05,5.41357719050132,2021
81,181,0.113027380108848,92.2297044677035,,0.571123062635726,1.84106369369035,0.0168373665700414,,5.22824402929189,2021
82,182,0.138429101293506,93.7744167374075,,0.222131711758242,1.57601911867732,0.001056710696897,,4.28794662016645,2021
83,183,0.149312189480743,96.0112036845924,,1.18253604210301,1.21528114934181,5.72867516423969e-06,,1.44166120580707,2021
84,184,2.66082959433143,62.3355130103642,0.12584448647303,28.7196221174063,5.07136107617402,0.0342321981925058,,1.05259751705862,2021
85,185,5.57832935569304,41.4916258530488,0.416056921176256,33.3139958561104,15.2778411338846,0.0762463543211302,,3.84590452576574,2021
86,186,0.781622239382678,73.8060642339084,0.0218035942622767,13.7582097146706,7.92023238899125,0.083151302061987,,3.62891652672287,2021
87,187,1.81888564652058,68.9004754622503,0.149438287348722,21.7455898259419,6.17524362440611,0.0052550195010156,,1.20511213403151,2021
88,188,1.92475031075697,59.450048894861,0.0290942309394561,27.5714130804239,9.13481697077431,0.0281262936516921,,1.8617502185925,2021
89,189,4.31554692335401,21.7272750469836,0.0002373657622437,48.9172857462454,24.4933576158508,,,0.54629730180404,2021
90,190,5.04709499562565,29.8017069378968,0.0234452200074269,46.4374280121599,18.4778230247795,0.0059793178542431,,0.20652249167616,2021
91,191,3.26980047733707,29.770357572087,0.0030981193282219,47.5516734189297,19.1927358925058,,,0.212334519812284,2021
92,192,1.60269489827016,62.5128981836283,2.24339250874445,18.1349056108901,10.7121287062419,,,4.79398009222508,2021
93,193,3.74084653692552,50.189609267721,0.0333619001546088,33.6508823407983,10.1802671951251,9.25690903291035e-05,,2.20494019018504,2021
94,194,3.7654918149871,28.4934986335183,0.0010831661759698,56.898448432151,10.2377482058368,0.0794773181617858,,0.524252429169396,2021
95,195,2.08246953165824,31.5082602474849,0.741586078083722,48.9260559440743,15.2655638963148,,,1.47606430238389,2021
96,196,2.94208990241126,40.1388744743951,1.57421996622291,37.0990149921217,14.7154814807826,,,3.53031918406628,2021
97,197,1.56518202693934,76.261099133468,0.15713945504664,12.8721761779635,5.07249669815879,0.0046881543282881,0.000776565440882,4.06644178865456,2021
98,198,0.918496673283667,37.6674436344912,0.0181600597215856,28.9366958804393,27.5729515153591,0.137559733819197,,4.74869250288576,2021
99,199,25.2306742421845,16.072087243378,0.27349598933967,20.3734174552809,15.3260310680597,14.3532725479487,,8.3710214538083,2021
100,200,6.68218922705425,10.3295556691819,0.0041249730318759,44.1609819691197,31.2413587008294,4.37116566692951,,3.21062379385344,2021
101,201,5.20517780307561,8.44214887992745,,49.3573571690431,31.6207044590657,1.90139792000308,,3.47321376888495,2021
102,202,6.82907350670047,3.3245549685079,0.000303889850869,46.015912888151,34.7601974797808,4.27931610196843,,4.79064116504077,2021
103,203,6.57167994525637,5.64788112810988,,39.5669387555599,43.7386969060072,2.1384231878391,,2.33638007722763,2021
104,204,0.470374452619977,15.0144478536745,,56.8691352140367,24.7722601209449,0.0315767523608089,,2.84220560636301,2021
105,205,0.790479903004732,37.3534107422832,0.0181149554435154,35.6779350097311,12.2710622185661,7.27920248335401,,6.60979468761734,2021
106,206,1.60882868487249,13.5678649236005,0.0399254306130598,51.762489945663,29.0167161355776,1.22758348748861,,2.77659139218495,2021
107,207,1.16401707742892,44.951103295032,,29.7091327100714,14.2885057425737,2.69362069747065,,7.19362047742337,2021
108,208,2.08741782954677,11.1725329826805,,61.0057503452913,25.6817119596256,0.0028693787077753,5.51803597649097e-05,0.0496623237884186,2021
109,209,1.27493680021959,10.7991485065273,,72.7618064100029,15.1633404802991,,,0.0007678029510506,2021
110,210,1.31387974897537,21.6984983053364,4.12326925772905e-05,55.3115954578065,21.4226928246868,,,0.253292430502297,2021
111,211,12.1399617884107,6.45937769196085,0.111607114884649,52.5167742761766,15.955807291882,5.58825070070871,,7.22822113597647,2021
112,212,1.26342711449179,62.0473109562076,0.0002649434743097,23.9766116732328,10.7280028472592,0.100833070597721,,1.88354939473663,2021
113,213,17.6864505960744,0.258283240261462,0.0043389238999655,44.0494004076244,19.2961913629616,11.4497751968347,,7.25556027234371,2021
114,214,9.22518376044091,0.422765259737146,,59.4931392903774,21.6526224657519,6.36140672778362,,2.84488249590926,2021
115,215,8.99670767318143,1.07199389961836,0.121248698970741,70.8073428645774,17.9766103851047,0.427351971782122,,0.598744506765353,2021
116,216,0.479428053015485,61.0457423244168,,24.5577389512633,10.9244083425661,0.0102780828381105,,2.9824042459003,2021
117,217,2.51686763018467,26.2942842814043,0.0902942751837443,42.5846679410972,26.7109571079449,0.0496959675759399,,1.7532327966093,2021
118,218,0.164953312321423,16.0753998645026,,66.8300244484374,16.9296223747386,,,,2021
119,219,0.252050524348733,12.4040275042102,0.0016320551961067,1.29799389815364,83.8403074791989,,,2.20398853889238,2021
120,220,1.86831487443197,60.4156710040776,0.11374197217483,28.6155634830264,7.90979580667899,,0.0005254156142591,1.07638744399595,2021
121,221,6.12013684778042,63.3877527696269,0.0501046400209361,18.9793891871701,8.51704344527783,1.87308536091489,0.0003312703472458,1.07215647886122,2021
122,222,0.774171492616918,10.8380763417908,,66.6906116019703,21.6633868596398,,,0.0337537039821798,2021
123,223,8.63237693372067,12.0569894281745,0.818999798572566,59.1399948362588,19.2942564108954,,,0.0573825923780135,2021
124,224,26.0046952914306,1.71069060283391,0.0002510552689806,41.0958506700943,11.3969886757337,10.4283058678869,,9.36321783675159,2021
125,225,3.94591349160683,18.4275636054336,,57.1065469191704,20.4441748180022,0.0667950866835114,,0.0090060791033947,2021
126,226,4.27100342396712,15.0369423804884,,49.1865768922779,31.2307085595965,0.137906440479756,,0.136862303190161,2021
127,227,0.0327111504763247,13.2696556270728,,68.2180139466926,18.4796192757584,,,,2021
128,228,3.23472077272883,11.2218994161284,,66.6979287131318,18.6775449186246,0.11439245072506,,0.0535137286611068,2021
129,230,1.31963462920049,8.69349149502773,,65.052639539343,24.9342343364285,,,,2021
130,231,3.21148045822974,50.8845311549918,8.92226609498734e-05,14.5295980563736,8.55799227599424,3.9266670027387,,18.889641829011,2021
131,232,1.28873631204079,16.3410957285208,,66.4744083083282,15.8721236910146,0.0054766249001957,,0.0181593351953858,2021
132,233,0.68643728918114,39.09720729963,,44.0609880434429,10.73146473366,0.316243677852076,,5.10765895623407,2021
133,234,1.6191164919286,17.1829651064708,,64.692558060069,16.4527078938914,0.0357821736004926,,0.0168702740398719,2021
134,235,6.14996376210477,9.63666052514386,,62.3588686791068,18.060006461697,1.48662690685551,,2.30787366509199,2021
135,236,,22.0736239589833,,58.7662425738546,19.1601334671622,,,,2021
136,237,1.84459039328463,9.69979014456708,,68.2892896004974,20.1663298616508,,,,2021
137,238,1.09196417690437,11.0682146703495,,67.1923278539784,20.6472600603037,,,0.0002332384635882,2021
138,239,17.4704670653957,7.8031217560988,0.0194149579037202,47.2227801233115,14.7559670164178,10.015898419249,0.0003875944409091,2.71196306718281,2021
139,240,3.34490061747422,5.94132503405554,,74.5363971721471,15.5924670133538,0.0129261914468385,,0.571983971522606,2021
140,241,1.68480968882109,14.1235254135646,,66.7960962003277,17.3517885905893,0.001007887348431,,0.0427722193490435,2021
141,242,0.0087738539153323,4.0315858740952,,80.4123711340206,15.5472691379689,,,,2021
142,243,0.482990340193196,3.01586275966788,,77.3818369786451,19.1193099214939,,,,2021
143,244,2.58090525092543,9.62604375444759,,67.114961514105,19.700436761048,0.173659848667847,,0.803992870806213,2021
144,245,0.266628331809173,35.7454733751137,,41.0832034149933,14.6196448332278,3.75471242546052,,4.53033761939551,2021
145,246,0.503364586337911,19.1373248882883,,59.005953519123,16.2228264685833,1.68099681204229,,3.44953372562534,2021
146,247,1.32305327739774,12.2845723572319,,69.0216309510313,15.6183781196065,0.843947239124684,,0.908418055608048,2021
147,248,1.28705672722923,30.7991969551505,,52.1572236525541,14.8910748555484,0.0030423603738092,,0.86240544914401,2021
148,249,7.3839826358736,22.1762789275075,0.197883771681801,41.1459084252795,14.428934047594,8.21405003299538,,6.45296215906822,2021
149,250,7.10392718882784,15.8210483819153,0.190950962162701,47.0498376017806,13.256336023828,8.87918377993244,,7.6987160615531,2021
150,251,1.31267048091918,5.02951308302518,0.578820206845835,74.2741033290392,17.5384119914258,0.763480705341171,,0.503000203403622,2021
151,252,2.98847554926418,12.3475137536614,0.0285464448304662,64.4873599636111,18.9641326468593,0.288444571666085,,0.8955270701074,2021
152,253,1.03592359859769,38.685779075751,6.51811236769454e-05,43.9522183254775,15.8702022211771,0.001173260226185,,0.454638337646695,2021
153,254,0.43366967363209,32.0430341175793,,46.9836292467981,17.8704356603393,0.0506303357672825,,2.61860096588385,2021
154,255,0.675239009529183,83.399830651071,0.0206582634240563,8.54834328662391,2.78956411810206,0.0325845786673929,,4.53378009258239,2021
155,256,28.8144632871948,0.0978584773994426,,19.2870965755024,8.10126860301832,27.8523036491972,,15.8470094076876,2021
156,257,11.7868086097007,4.39016717315667,0.0059981837667335,53.2678986013328,18.7036792355881,7.3954669669953,,4.44998122945988,2021
157,258,2.59048340014567,14.7067425975948,,64.3468735841805,18.3541799287718,,,0.0017204893071589,2021
158,259,2.94399604504847,17.7724184898334,,59.2210137245371,17.5648850175403,1.35226577912219,,1.14542094391849,2021
159,260,0.62303154466318,18.8258638935066,,58.8791919082384,17.5857551849101,1.66093335644085,,2.42522411224056,2021
160,261,1.23482781584996,18.5778987453147,,56.5171810537189,15.8015256480548,3.93104227709556,,3.93752445996598,2021
161,262,0.263200024726008,24.3122644821655,,58.3698406596288,16.1857423306833,0.33404420607461,,0.534908296721824,2021
162,263,1.55563709108957,15.8161766161164,,58.9886836460187,23.3946930517008,0.004186731259049,,0.240622863815528,2021
163,264,7.6215130267682,7.9567607378527,0.0314651441639602,44.334338497455,31.0866194722591,4.85173663773593,,4.11756648376518,2021
164,265,5.44670076300111,7.04066247301668,0.0018080595433313,57.3839579523962,29.3442561092759,0.263622942546156,,0.518991700220581,2021
165,266,28.5287851344132,0.416758968478388,,19.7075878604658,9.45700473019639,27.575546318135,,14.3143169883114,2021
166,267,16.9242165939682,15.81699793516,0.695870860193953,4.44489649697294,60.040486704555,0.671388015287374,0.0027003137764608,1.4034430800859,2021
167,268,0.218668984878692,18.3031286773413,,67.872286619971,13.570148101456,,,0.0357676163530184,2021
168,269,15.0214243925142,4.33913736617671,0.0005629972849455,40.6777736647699,12.7354677498734,22.6731908668704,,4.55244296251047,2021
169,270,8.8805959503903,7.23986210722352,0.0397511590125609,47.3397788960653,22.7066133058604,8.44265166224195,,5.35074691920593,2021
170,271,8.48350030849594,18.9357347279606,0.133529051081779,57.1868702250435,10.5057396847531,2.36580958212474,2.12829217535509e-05,2.38879513761857,2021
171,272,8.03738599269784,20.9751240941641,0.252257422529994,37.1800542510675,19.8726109264165,6.69048936407455,,6.99207794904966,2021
172,273,2.27037160040637,63.0925929735771,0.101641249006855,18.6789919539318,12.7239903717572,0.935883230614442,,2.19652862070621,2021
173,274,7.84580961221675,6.66346509843481,0.0580843175025621,46.9203238770813,23.5049660079306,7.7368847489094,,7.27046633792463,2021
174,275,0.103032891980039,82.2118702510258,,13.0001709959544,3.18428290372427,0.0003163111976043,,1.50032664611792,2021
175,276,3.44891735113225,10.1160162129557,0.812930903269087,56.4191691705799,24.1644352242811,1.85561111455614,,3.18292002322579,2021
176,277,2.26619876573851,6.70947729769412,5.20131364128084,54.6443460749417,27.2204611358432,0.325216278512059,,3.63298680598973,2021
177,278,1.02277934572086,48.8389988515529,,38.2903324297642,10.7683334392405,0.0013948752284108,,1.07816105849332,2021
178,279,1.30802015833384,44.2601530052672,0.0690484764355488,38.0080018745521,14.2907259298258,,,2.06405055558548,2021
179,280,6.9906543119215,4.90740260905724,0.0520749727933546,50.6386451912176,9.18304858519125,16.2824978797144,,11.9456764501047,2021
180,281,20.0690559737714,2.35107907237925,0.0931542706488031,26.2822679846445,5.77732745606845,32.2329672003797,,13.1941480421078,2021
1,101,1.74480347903046,40.4347227615088,0.0039974905391921,41.056520374246,10.9789199319984,1.99635640777986,,3.78467955489725,2022
2,102,4.11266780014033,32.0383980411916,0.0001296880613061,43.8153060443715,15.9201173417579,0.549877379938036,,3.56350370453948,2022
3,103,1.9904432182669,4.85663134616284,,67.7270717476371,22.503769830119,1.53765733581518,,1.38442652199908,2022
4,104,1.01570997574894,43.1314764905891,0.0096360471231778,37.1387481757187,13.2315698917139,1.97249261591163,,3.50036680319464,2022
5,105,0.706177620653381,64.5297184919882,,15.9135502149923,5.39223145805902,0.17349356493254,,13.2848286493747,2022
6,106,1.56831046088551,58.4104885651133,0.0987841030804598,24.0758421219427,6.7201270854979,,,9.12644766348018,2022
7,107,1.70736749791174,52.6051088476999,2.50724011850952,30.3331371512697,7.47762107295471,,,5.36952531165438,2022
8,108,4.33439460328466,62.5782860303857,2.9158654603915,19.3939880802876,7.89444516190041,0.111346911216345,,2.77167375253326,2022
9,109,16.1651285624207,0.257718415992651,,44.6832257763177,12.4303279645646,15.0006033053348,,11.4629959753696,2022
10,110,8.01518062408505,7.58198953702085,0.0003740451912048,56.3935778310895,17.2135129436,7.88361022807873,,2.91175479093445,2022
11,111,4.50974063711613,5.23873174538602,,64.851825253842,20.1579610457539,3.01860123371718,,2.22314008418501,2022
12,112,12.0587262774051,0.514535691341292,0.0286240234519586,41.9410455432598,16.8960991494369,13.6611200121696,,14.8998493029354,2022
13,113,4.03462413557033,5.40212052859758,,63.0234665197952,23.221161560847,3.03251986375138,,1.2861073914387,2022
14,114,9.48196087789034,17.6581230678226,0.0165076657472813,47.2064743911607,19.7419513224915,3.01275481724902,,2.88222785763831,2022
15,115,14.9227962893445,10.494771831608,0.0002558073054729,34.3815464020596,12.9352587949216,20.4595322435516,,6.80583863120921,2022
16,116,5.62983316706686,30.5191288186127,0.777023538312718,36.8539484279532,16.0227744512775,5.02014260662782,,5.17714899014911,2022
17,117,5.05527973315404,19.1640318416476,0.0003475688104783,44.8798878221664,21.1428062488528,4.47149446985438,,5.28615231551428,2022
18,118,0.876900876900874,22.8367928367928,,47.3262187547901,26.8398268398268,,,2.12026069168926,2022
19,119,0.894963791598452,27.874062946049,,46.0608331116749,23.4107827233664,0.0367516212297746,,1.72260580608181,2022
20,120,16.4367421342796,0.49715413688666,0.010573966450315,28.9967482831744,30.2010697477487,16.9050622197954,,6.9526495116649,2022
21,121,17.2686981302475,0.17069653062328,,31.1748561992703,16.8491599551589,23.6882597105343,,10.8483294741659,2022
22,122,15.6191277190775,0.914634046723056,0.010848045995715,45.7771203600506,32.424580757331,3.94953828821102,,1.30415078261137,2022
23,123,13.2691950103374,1.68679245877666,0.346009719630882,67.5410342393223,17.1175337854874,3.939539105441e-05,,0.03939539105441,2022
24,124,0.790982966376766,8.46343164350049,0.0007379719792039,67.6625598526023,23.0636537730662,0.0117460540023295,,0.0068877384725701,2022
25,125,2.08027713900563,13.8400999127746,,66.5222821346443,17.5085243041789,0.036922131472524,,0.0118943779240346,2022
26,126,15.2028820004474,0.865636147443521,,35.6049022262512,13.7793056356766,27.9190496933165,,6.62822429686488,2022
27,127,12.6829454190307,0.475520719781767,,46.8422251409592,21.1068098147547,14.9413032573457,,3.95119564812795,2022
28,128,2.64500817596254,14.082355399361,0.272186939221762,66.2130306178447,16.5024350005005,,,0.284983867109479,2022
29,129,10.1770870532957,3.82782722754154,1.22913171305811,65.4868349830316,19.0206026956673,,,0.2585163274061,2022
30,130,3.85011650264526,36.9344260583746,3.76246305824885,25.1897137957569,14.4072785268701,3.23429532133374,,12.6217067367706,2022
31,131,1.18398206335773,22.8364241166243,0.0169991325929334,48.6791072236086,20.5703344376251,,,6.71315302619162,2022
32,132,12.1912180133985,9.25418641044257,1.98400733095594,43.1228659455873,26.0214235058882,4.08006778439039,,3.3462310093372,2022
33,133,18.6517790856118,1.09836162339536,0.0880418543825974,52.9250430440701,24.7986634930585,2.1158311558424,,0.322279743639413,2022
34,134,2.37153502822945,5.81939257123154,0.277880645127262,64.5009002666655,25.2823916945611,,,1.7478997941851,2022
35,135,2.3564642628156,10.6624250168332,1.85503401077749,69.0800355507221,14.7858657659836,0.0143829312838769,,1.24579246158407,2022
36,136,2.31544291490819,9.56412820116226,1.09913935965707,66.4519853282364,17.5510142077469,0.04717502264843,,2.97111496564067,2022
37,137,5.0296380333783,17.2936736907124,0.0250324888862584,50.2065034456139,15.5806695503071,8.12156303427442,,3.74291975682724,2022
38,138,3.09223450041616,36.887183175717,0.0035338418104906,40.7561048909803,13.2073086813893,2.70839782167844,,3.34523708800781,2022
39,139,16.8026430603667,5.79600868221163,0.0441187653069906,27.5614670016481,15.4733770355051,23.0963053922015,,11.2260800627601,2022
40,140,7.24356369307402,7.72901854753812,0.0888158233103998,51.1963575840192,15.8315087835548,10.7534544902962,,7.15728107820721,2022
41,141,3.9938388626865,3.50895939658012,0.0144175123642922,64.977902544597,23.6154019841397,2.99060015781404,,0.898879541818438,2022
42,142,7.97720141223807,10.5152675197269,0.0657478169220103,53.2047614944717,21.4472885349834,3.44483495168977,,3.34489826996831,2022
43,143,6.3605800418826,21.9693391281613,0.0739050217182718,49.9356529911032,18.6990496252026,1.54790476026037,,1.41356843167193,2022
44,144,5.32293992249526,25.7155113941565,0.0270225580204755,44.1595703374504,13.1533367334457,4.87415997935895,,6.74745907507249,2022
45,145,6.6808743726106,8.66910422652239,0.203341313728771,62.6623670880465,15.572703078351,3.35841457614045,,2.85319534460027,2022
46,146,5.50284692527456,6.68356663448846,6.59239382784931e-05,64.0189562087056,15.5692345285856,6.98639923229376,,1.23893054671381,2022
47,147,3.76222311368789,5.9753168888171,0.0183698400625881,75.5825254173601,14.1089084648296,0.0513339008863629,,0.501322374356285,2022
48,148,1.77334472831954,16.1366498740554,,65.7610651313422,16.0185768261964,0.286748830514573,,0.0236146095717885,2022
49,149,2.33526969227629,69.3468137207094,0.0013654646676264,17.6306847220109,6.87563477851516,0.943406041075777,,2.86682558074513,2022
50,150,0.739411107670643,5.53492977868252,0.000204384246471,67.5098027794214,19.3205194630008,2.07179201041542,,4.82334047656276,2022
51,151,4.26925292276193,5.71301455460406,0.0292808263049183,63.7095607726939,16.8057709255221,5.28974394324075,,4.18337605487228,2022
52,152,7.82055863513443,9.91926918260934,0.144087893969839,39.6855260738466,9.48178227022868,22.5496667768036,,10.3991091674076,2022
53,153,2.16830777902585,4.30180076617564,0.0762609726808673,68.7748227432865,19.8094288966526,0.653348210166232,,4.21603063201201,2022
54,154,8.36797068469392,21.1862356776177,0.0032481744668918,27.5497992391949,9.3073781751496,14.2643404540405,,19.3210275948367,2022
55,155,2.63890556967763,41.3033554942852,1.47427506130684,30.4604810492703,15.3888200214889,3.32718306363643,,5.40697974033456,2022
56,156,2.44657978468398,51.5334644566528,0.310577956578402,21.449571364467,14.1302288870453,4.35715919574718,,5.77241835482543,2022
57,157,1.86669961728136,67.2921715858959,0.0025503201055832,16.2059642109269,9.79239406540507,0.248988470308122,,4.59123173007699,2022
58,158,14.859323365374,14.9943534040857,1.01388982620775,26.8751588083179,8.1264259426041,24.6155523344525,,9.51529631895825,2022
59,159,10.9594671625467,15.8833070309351,0.0135549263137713,26.4488309262601,15.7266007440263,25.0022162046825,,5.96602300523539,2022
60,160,13.726589376008,14.5127553853093,0.405339011437865,18.4258157578152,8.83456894257232,32.2946086010445,,11.8003229258129,2022
61,161,2.04463001322206,29.3280867011388,0.0051599675463698,45.508348029263,20.8761453845088,0.572841921971028,,1.66478798235006,2022
62,162,1.49027069295605,25.511458492597,0.0019562087233524,56.5751521338376,15.3488254768387,0.38799855652388,,0.68433843852331,2022
63,163,0.591438790995602,35.9096930852532,0.0001299066049454,49.003577368087,13.8045253745273,0.0485590889286056,,0.642076385603334,2022
64,164,2.3202520140955,47.0448336716597,,36.2177275410466,12.61363541885,0.356391304481004,,1.44716004986721,2022
65,165,2.92567236632975,13.2244656605783,1.9789284667487,54.3858371982783,13.0256575302198,3.04293510617397,,11.4165036716711,2022
66,166,5.95437930913872,7.73887589022989,0.744530810941876,61.8641698722087,19.3679522233755,1.40656389471323,,2.92352799939198,2022
67,167,0.789317218188022,31.524505742645,0.0024042757119417,49.0246763162596,18.2190490114853,0.0007472748834413,,0.439300160826551,2022
68,168,1.19728251513024,36.6843506244122,0.002675106938062,40.7055660764656,19.4271033359378,0.003893472474209,,1.97912886864165,2022
69,169,0.878986802896788,21.0384372778244,0.0138957640016338,58.9247594495182,17.884896147388,0.260215265886332,,0.998809292484646,2022
70,170,0.0214424224343675,14.5487572227107,,63.2006814470545,21.6632744787087,0.0001717356487878,,0.565672693443035,2022
71,171,0.274861540292369,62.6414083484812,,25.1111311280283,10.6313583926844,,,1.34124059051369,2022
72,172,10.2581124899079,23.389170494555,2.05371219401656,24.1013944674512,7.79370858959288,10.7728541479138,,21.6310476165628,2022
73,173,14.6806421021912,6.77606262513468,0.0437219845101113,31.5177010122572,8.32091329982471,24.6081325057789,,14.0528264703034,2022
74,174,1.71559907505174,16.2675100953595,0.0123678287656621,48.2707772369635,28.8630468034886,1.79908986769603,,3.0716090926751,2022
75,175,1.21128800541774,16.7615058502996,0.003413490333011,50.0563930524511,28.7304869312645,0.0021608333300712,,3.23475183690406,2022
76,176,1.73574824997772,36.4174825256125,,36.3922607613938,21.0040781106089,0.0122394988974763,,4.43819085350967,2022
77,177,1.58333705573517,20.448016773373,0.0002187390774368,52.5416559791521,22.2140930594321,0.0067693988175195,,3.20590899441271,2022
78,178,0.282224782183748,84.2730384716961,0.0003926062367147,5.22535682418871,5.74097968174072,0.006695413886339,,4.47131222006753,2022
79,179,0.342379872366986,88.364905377479,,3.85508291979573,4.15069671825307,0.0018590404345249,,3.2850760716709,2022
80,180,1.84940291370023,87.7474097756268,0.0116718459436857,2.81485898444467,1.45351427301044,0.0283653834427369,,6.09477682383176,2022
81,181,0.081090896785709,91.7680808580334,,0.570608787541956,1.81523679848121,0.0168167955662905,,5.74816586359185,2022
82,182,0.0769174154636076,92.9681835532434,,0.174246032283068,1.65640328677812,,,5.12424971223172,2022
83,183,0.114579231959958,95.7381864836151,,1.12241932492948,1.22225867569185,,,1.80255628380384,2022
84,184,2.96670535529531,61.6660549719146,0.151532827571056,28.4443169015944,5.62366040978155,0.0308118168639844,,1.1169177169792,2022
85,185,6.17095079608194,41.0027848747148,0.542064320130566,32.9979032884367,15.6403714463595,0.0704590108874082,,3.57546626338907,2022
86,186,0.754905159089465,72.6438594298892,0.0924113334279809,14.0987048476028,8.23278207012252,0.0923404658409963,,4.08499669402706,2022
87,187,1.68973343647639,68.4273215910243,0.163437489096366,21.9784595261377,6.47141822551396,0.0011914214253314,,1.26843831032614,2022
88,188,1.85787846944144,58.2004558844345,0.0502906547338236,28.0370330000683,9.53909211129707,0.0263587559957753,,2.2888911240291,2022
89,189,3.78497510329862,18.6176648787091,0.0062901926994599,49.6972102995379,27.1357132811485,,,0.758146244606606,2022
90,190,5.1491367753224,27.4701663509166,,46.4351464303471,20.7089740119964,0.0029109836921973,,0.233665447725027,2022
91,191,1.85448889154202,29.2732227657365,0.0057428553401187,48.995245898109,19.7421986899489,,,0.12910089932359,2022
92,192,1.34492932405515,63.2107749021117,1.660254355113,17.8270449256949,11.4166773771842,,,4.54031911584109,2022
93,193,2.49277451965436,49.5682299919779,0.0992896062869963,34.2531738701156,11.8170923641424,,,1.76943964782275,2022
94,194,3.24672291458355,29.2876625341621,0.0132687856556303,56.5325413583312,10.4179599783638,0.0028433112119207,,0.499001117692099,2022
95,195,2.09971265842945,33.4246166036831,0.353155031504903,47.8784372725322,15.285966069212,,,0.958112364638162,2022
96,196,2.1946459852752,41.3155689112394,0.822058578405938,37.748453455862,15.350256473156,3.93122556743312e-05,,2.56897728380619,2022
97,197,1.49961977055079,76.2929383165442,0.117735949342623,12.9121117748029,5.71427051168185,0.0002444743054628,,3.46307920277217,2022
98,198,0.646150148896178,36.4046126551693,0.0873205266852291,28.9631203984773,29.2833681582383,0.139571476962007,,4.47585663557164,2022
99,199,21.7468074462385,16.2088873854972,0.421768570315099,22.2845867088667,16.3378306452482,16.1384187989469,,6.86170044488725,2022
100,200,5.12573897111303,9.97065333934373,0.0123155669656728,44.8751661488689,32.4693542695993,4.89643201703168,,2.65033968707777,2022
101,201,5.0839813224767,7.5929293611438,,50.3311497867907,32.4719740675709,1.80721438632373,,2.71275107569413,2022
102,202,6.12113171011586,3.0557340064291,0.049716379602184,47.8233281651801,34.609893559541,4.24977800846395,,4.0904181706682,2022
103,203,6.73949525066394,6.37372305586784,,38.7922185835085,43.9333952457761,2.02030076412989,,2.14086710005377,2022
104,204,0.425988262980725,20.0098304983765,,48.4163960797163,26.8047901337544,0.0452798713098393,,4.29771515386219,2022
105,205,0.977046746330432,38.4012548619451,0.0196197579131113,35.5190565318459,12.0034510136636,7.16134062135444,,5.91823046694738,2022
106,206,1.95055264610395,14.1773901702602,0.040239804082454,51.1323507815099,29.3833205113869,0.995935151040733,,2.32021093561587,2022
107,207,1.13382659130487,46.8975864774788,0.0005171110961478,28.8166099604839,13.9115647605731,2.8974724929904,,6.34242260607269,2022
108,208,1.80445294467231,7.16892197993751,,63.526168457913,27.432860676765,,,0.0675959407120145,2022
109,209,1.05265784589043,6.69639343758818,,75.5443243046104,16.7066244119109,,,,2022
110,210,1.21265348869812,17.7473755391175,,56.5592555025027,24.30646611085,,,0.174249358831631,2022
111,211,9.61761091599291,5.32270446621448,0.0527332965904565,56.8531856400014,16.1587953950599,5.8250492682879,,6.16992101785288,2022
112,212,1.09841148724253,59.970154117619,,23.9806962184618,12.3279081741244,0.103990313666579,,2.51883968888571,2022
113,213,12.3691579907733,0.165817253906791,,42.2339711942361,22.9760679029864,14.5461251064209,,7.70886055167658,2022
114,214,7.07563497821595,0.340765922522067,,59.7370707120659,22.7951514847343,6.38901046506394,,3.6623664373982,2022
115,215,6.06866904706835,1.4071896322424,0.0867352839134961,72.4628122470222,18.4767838556725,0.399163004510235,,1.09864692957095,2022
116,216,0.362686836527497,58.6842718625747,,24.1519367711767,12.7570835818552,0.0050176467398649,,4.03900330112598,2022
117,217,1.45562559490167,23.2047189562254,,46.4289978813824,27.9970250651905,0.0492410845775332,,0.86439141772247,2022
118,218,0.282777106836725,10.6775972782703,,69.5535950985301,19.4860305163628,,,,2022
119,219,0.253172562296057,8.31929935870431,0.0118324001717738,1.49200445959083,86.4294610443725,0.0076502587317503,,3.48657991613277,2022
120,220,1.59999562854209,59.0640288280835,0.0428949307481204,29.5473355333536,8.74249548878153,,,1.00324959049107,2022
121,221,4.02882714561732,62.2895087509201,0.0132508138898343,21.2164578421215,9.63855920587867,1.69726362411415,,1.1161326174581,2022
122,222,0.558017965192574,7.05560598176218,,70.0320119263087,22.3428965221785,,,0.0114676045580483,2022
123,223,5.05631315805685,8.47275780462088,0.581647676420322,64.0539936276942,21.223598989125,,,0.611688744082636,2022
124,224,20.9514827324186,1.37991133843701,0.0051884755589327,44.340237911131,12.7973749661075,11.9720726118786,,8.55373196446843,2022
125,225,2.71032947239386,12.7363470342481,,60.7723963675481,23.6828609311285,0.0866835113701749,,0.0113826833112351,2022
126,226,3.39601637528543,9.66734589135988,,52.77816821373,33.8979974249968,0.0804788895519604,,0.179993205075792,2022
127,227,0.0021807433650883,8.33446564238827,,71.4716830474043,20.1916705668424,,,,2022
128,228,2.05867235808284,5.45228894592841,,71.1399599469719,21.0179674498632,0.137662695838308,,0.193448603315187,2022
129,230,0.80539305449772,4.47908732923884,,69.6430018311753,25.072517785088,,,,2022
130,231,3.29142396244084,51.7605638515282,0.003479683777045,14.4704880434943,8.27752084129831,3.66718519903121,,18.5293384184302,2022
131,232,0.985504238619428,11.0506760749318,,69.8108258462107,18.147517215338,,,0.0054766249001957,2022
132,233,0.651338179917755,38.2267634576772,,44.6328432705196,12.1905396294618,0.248155626214885,,4.05035983620884,2022
133,234,1.13073817657052,11.7493399639599,,68.465374568438,18.6338086738997,0.0085963179821003,,0.0121422991497167,2022
134,235,6.18794806192752,5.53566594773011,,67.9975724976205,18.3878939233852,0.620846831585474,,1.27007273775115,2022
135,236,0.0108509887963541,12.6658166725443,,61.2945229634051,26.0288093752544,,,,2022
136,237,1.78396549043992,5.8196020519198,,66.3912637960516,26.0047800404166,,,0.0003886211720814,2022
137,238,1.1293406406944,6.49872331095993,,67.1562342017382,25.2137193196667,,,0.0019825269405002,2022
138,239,13.7202794344504,5.63586982182636,0.0053910863144631,50.4454517201794,16.3370352126026,11.4807587548775,,2.37521396974932,2022
